4.18879e-02 1.00000e+00 0.00000e+00
8.37758e-02 1.00000e+00 0.00000e+00
1.25664e-01 1.00000e+00 0.00000e+00
1.67552e-01 1.00000e+00 0.00000e+00
2.09440e-01 1.00000e+00 0.00000e+00
2.51327e-01 1.00000e+00 0.00000e+00
2.93215e-01 1.00000e+00 0.00000e+00
3.35103e-01 1.00000e+00 0.00000e+00
3.76991e-01 1.00000e+00 0.00000e+00
4.18879e-01 1.00000e+00 0.00000e+00
4.60767e-01 1.00000e+00 0.00000e+00
5.02655e-01 1.00000e+00 0.00000e+00
5.44543e-01 1.00000e+00 0.00000e+00
5.86431e-01 1.00000e+00 0.00000e+00
6.28319e-01 1.00000e+00 0.00000e+00
6.70206e-01 1.00000e+00 0.00000e+00
7.12094e-01 1.00000e+00 0.00000e+00
7.53982e-01 1.00000e+00 0.00000e+00
7.95870e-01 1.00000e+00 0.00000e+00
8.37758e-01 1.00000e+00 0.00000e+00
8.79646e-01 1.00000e+00 0.00000e+00
9.21534e-01 1.00000e+00 0.00000e+00
9.63422e-01 1.00000e+00 0.00000e+00
1.00531e+00 1.00000e+00 0.00000e+00
1.04720e+00 1.00000e+00 0.00000e+00
1.08909e+00 1.00000e+00 0.00000e+00
1.13097e+00 1.00000e+00 0.00000e+00
1.17286e+00 1.00000e+00 0.00000e+00
1.21475e+00 1.00000e+00 0.00000e+00
1.25664e+00 1.00000e+00 0.00000e+00
1.29852e+00 1.00000e+00 0.00000e+00
1.34041e+00 1.00000e+00 0.00000e+00
1.38230e+00 1.00000e+00 0.00000e+00
1.42419e+00 1.00000e+00 0.00000e+00
1.46608e+00 1.00000e+00 0.00000e+00
1.50796e+00 1.00000e+00 0.00000e+00
1.54985e+00 1.00000e+00 0.00000e+00
1.59174e+00 1.00000e+00 0.00000e+00
1.63363e+00 1.00000e+00 0.00000e+00
1.67552e+00 1.00000e+00 0.00000e+00
1.71740e+00 1.00000e+00 0.00000e+00
1.75929e+00 1.00000e+00 0.00000e+00
1.80118e+00 1.00000e+00 0.00000e+00
1.84307e+00 1.00000e+00 0.00000e+00
1.88496e+00 1.00000e+00 0.00000e+00
1.92684e+00 1.00000e+00 0.00000e+00
1.96873e+00 1.00000e+00 0.00000e+00
2.01062e+00 1.00000e+00 0.00000e+00
2.05251e+00 1.00000e+00 0.00000e+00
2.09440e+00 1.00000e+00 0.00000e+00
2.13628e+00 1.00000e+00 0.00000e+00
2.17817e+00 1.00000e+00 0.00000e+00
2.22006e+00 1.00000e+00 0.00000e+00
2.26195e+00 1.00000e+00 0.00000e+00
2.30383e+00 1.00000e+00 0.00000e+00
2.34572e+00 1.00000e+00 0.00000e+00
2.38761e+00 1.00000e+00 0.00000e+00
2.42950e+00 1.00000e+00 0.00000e+00
2.47139e+00 1.00000e+00 0.00000e+00
2.51327e+00 1.00000e+00 0.00000e+00
2.55516e+00 1.00000e+00 0.00000e+00
2.59705e+00 1.00000e+00 0.00000e+00
2.63894e+00 1.00000e+00 0.00000e+00
2.68083e+00 1.00000e+00 0.00000e+00
2.72271e+00 1.00000e+00 0.00000e+00
2.76460e+00 1.00000e+00 0.00000e+00
2.80649e+00 1.00000e+00 0.00000e+00
2.84838e+00 1.00000e+00 0.00000e+00
2.89027e+00 1.00000e+00 0.00000e+00
2.93215e+00 1.00000e+00 0.00000e+00
2.97404e+00 1.00000e+00 0.00000e+00
3.01593e+00 1.00000e+00 0.00000e+00
3.05782e+00 1.00000e+00 0.00000e+00
3.09970e+00 1.00000e+00 0.00000e+00
3.14159e+00 1.00000e+00 0.00000e+00
3.18348e+00 1.00000e+00 0.00000e+00
3.22537e+00 1.00000e+00 0.00000e+00
3.26726e+00 1.00000e+00 0.00000e+00
3.30914e+00 1.00000e+00 0.00000e+00
3.35103e+00 1.00000e+00 0.00000e+00
3.39292e+00 1.00000e+00 0.00000e+00
3.43481e+00 1.00000e+00 0.00000e+00
3.47670e+00 1.00000e+00 0.00000e+00
3.51858e+00 1.00000e+00 0.00000e+00
3.56047e+00 1.00000e+00 0.00000e+00
3.60236e+00 1.00000e+00 0.00000e+00
3.64425e+00 1.00000e+00 0.00000e+00
3.68614e+00 1.00000e+00 0.00000e+00
3.72802e+00 1.00000e+00 0.00000e+00
3.76991e+00 1.00000e+00 0.00000e+00
3.81180e+00 1.00000e+00 0.00000e+00
3.85369e+00 1.00000e+00 0.00000e+00
3.89557e+00 1.00000e+00 0.00000e+00
3.93746e+00 1.00000e+00 0.00000e+00
3.97935e+00 1.00000e+00 0.00000e+00
4.02124e+00 1.00000e+00 0.00000e+00
4.06313e+00 1.00000e+00 0.00000e+00
4.10501e+00 1.00000e+00 0.00000e+00
4.14690e+00 1.00000e+00 0.00000e+00
4.18879e+00 1.00000e+00 0.00000e+00
4.23068e+00 1.00000e+00 0.00000e+00
4.27257e+00 1.00000e+00 0.00000e+00
4.31445e+00 1.00000e+00 0.00000e+00
4.35634e+00 1.00000e+00 0.00000e+00
4.39823e+00 1.00000e+00 0.00000e+00
4.44012e+00 1.00000e+00 0.00000e+00
4.48201e+00 1.00000e+00 0.00000e+00
4.52389e+00 1.00000e+00 0.00000e+00
4.56578e+00 1.00000e+00 0.00000e+00
4.60767e+00 1.00000e+00 0.00000e+00
4.64956e+00 1.00000e+00 0.00000e+00
4.69145e+00 1.00000e+00 0.00000e+00
4.73333e+00 1.00000e+00 0.00000e+00
4.77522e+00 1.00000e+00 0.00000e+00
4.81711e+00 1.00000e+00 0.00000e+00
4.85900e+00 1.00000e+00 0.00000e+00
4.90088e+00 1.00000e+00 0.00000e+00
4.94277e+00 1.00000e+00 0.00000e+00
4.98466e+00 1.00000e+00 0.00000e+00
5.02655e+00 1.00000e+00 0.00000e+00
5.06844e+00 1.00000e+00 0.00000e+00
5.11032e+00 1.00000e+00 0.00000e+00
5.15221e+00 1.00000e+00 0.00000e+00
5.19410e+00 1.00000e+00 0.00000e+00
5.23599e+00 1.00000e+00 0.00000e+00
5.27788e+00 1.00000e+00 0.00000e+00
5.31976e+00 1.00000e+00 0.00000e+00
5.36165e+00 1.00000e+00 0.00000e+00
5.40354e+00 1.00000e+00 0.00000e+00
5.44543e+00 1.00000e+00 0.00000e+00
5.48732e+00 1.00000e+00 0.00000e+00
5.52920e+00 1.00000e+00 0.00000e+00
5.57109e+00 1.00000e+00 0.00000e+00
5.61298e+00 1.00000e+00 0.00000e+00
5.65487e+00 1.00000e+00 0.00000e+00
5.69675e+00 1.00000e+00 0.00000e+00
5.73864e+00 1.00000e+00 0.00000e+00
5.78053e+00 1.00000e+00 0.00000e+00
5.82242e+00 1.00000e+00 0.00000e+00
5.86431e+00 1.00000e+00 0.00000e+00
5.90619e+00 1.00000e+00 0.00000e+00
5.94808e+00 1.00000e+00 0.00000e+00
5.98997e+00 1.00000e+00 0.00000e+00
6.03186e+00 1.00000e+00 0.00000e+00
6.07375e+00 1.00000e+00 0.00000e+00
6.11563e+00 1.00000e+00 0.00000e+00
6.15752e+00 1.00000e+00 0.00000e+00
6.19941e+00 1.00000e+00 0.00000e+00
6.24130e+00 1.00000e+00 0.00000e+00
6.28319e+00 1.00000e+00 0.00000e+00
6.32507e+00 1.00000e+00 0.00000e+00
6.36696e+00 1.00000e+00 0.00000e+00
6.40885e+00 1.00000e+00 0.00000e+00
6.45074e+00 1.00000e+00 0.00000e+00
6.49262e+00 1.00000e+00 0.00000e+00
6.53451e+00 1.00000e+00 0.00000e+00
6.57640e+00 1.00000e+00 0.00000e+00
6.61829e+00 1.00000e+00 0.00000e+00
6.66018e+00 1.00000e+00 0.00000e+00
6.70206e+00 1.00000e+00 0.00000e+00
6.74395e+00 1.00000e+00 0.00000e+00
6.78584e+00 1.00000e+00 0.00000e+00
6.82773e+00 1.00000e+00 0.00000e+00
6.86962e+00 1.00000e+00 0.00000e+00
6.91150e+00 1.00000e+00 0.00000e+00
6.95339e+00 1.00000e+00 0.00000e+00
6.99528e+00 1.00000e+00 0.00000e+00
7.03717e+00 1.00000e+00 0.00000e+00
7.07906e+00 1.00000e+00 0.00000e+00
7.12094e+00 1.00000e+00 0.00000e+00
7.16283e+00 1.00000e+00 0.00000e+00
7.20472e+00 1.00000e+00 0.00000e+00
7.24661e+00 1.00000e+00 0.00000e+00
7.28849e+00 1.00000e+00 0.00000e+00
7.33038e+00 1.00000e+00 0.00000e+00
7.37227e+00 1.00000e+00 0.00000e+00
7.41416e+00 1.00000e+00 0.00000e+00
7.45605e+00 1.00000e+00 0.00000e+00
7.49793e+00 1.00000e+00 0.00000e+00
7.53982e+00 1.00000e+00 0.00000e+00
7.58171e+00 1.00000e+00 0.00000e+00
7.62360e+00 1.00000e+00 0.00000e+00
7.66549e+00 1.00000e+00 0.00000e+00
7.70737e+00 1.00000e+00 0.00000e+00
7.74926e+00 1.00000e+00 0.00000e+00
7.79115e+00 1.00000e+00 0.00000e+00
7.83304e+00 1.00000e+00 0.00000e+00
7.87493e+00 1.00000e+00 0.00000e+00
7.91681e+00 1.00000e+00 0.00000e+00
7.95870e+00 1.00000e+00 0.00000e+00
8.00059e+00 1.00000e+00 0.00000e+00
8.04248e+00 1.00000e+00 0.00000e+00
8.08437e+00 1.00000e+00 0.00000e+00
8.12625e+00 1.00000e+00 0.00000e+00
8.16814e+00 1.00000e+00 0.00000e+00
8.21003e+00 1.00000e+00 0.00000e+00
8.25192e+00 1.00000e+00 0.00000e+00
8.29380e+00 1.00000e+00 0.00000e+00
8.33569e+00 1.00000e+00 0.00000e+00
8.37758e+00 1.00000e+00 0.00000e+00
8.41947e+00 1.00000e+00 0.00000e+00
8.46136e+00 1.00000e+00 0.00000e+00
8.50324e+00 1.00000e+00 0.00000e+00
8.54513e+00 1.00000e+00 0.00000e+00
8.58702e+00 1.00000e+00 0.00000e+00
8.62891e+00 1.00000e+00 0.00000e+00
8.67080e+00 1.00000e+00 0.00000e+00
8.71268e+00 1.00000e+00 0.00000e+00
8.75457e+00 1.00000e+00 0.00000e+00
8.79646e+00 1.00000e+00 0.00000e+00
8.83835e+00 1.00000e+00 0.00000e+00
8.88024e+00 1.00000e+00 0.00000e+00
8.92212e+00 1.00000e+00 0.00000e+00
8.96401e+00 1.00000e+00 0.00000e+00
9.00590e+00 1.00000e+00 0.00000e+00
9.04779e+00 1.00000e+00 0.00000e+00
9.08967e+00 1.00000e+00 0.00000e+00
9.13156e+00 1.00000e+00 0.00000e+00
9.17345e+00 1.00000e+00 0.00000e+00
9.21534e+00 1.00000e+00 0.00000e+00
9.25723e+00 1.00000e+00 0.00000e+00
9.29911e+00 1.00000e+00 0.00000e+00
9.34100e+00 1.00000e+00 0.00000e+00
9.38289e+00 1.00000e+00 0.00000e+00
9.42478e+00 1.00000e+00 0.00000e+00
9.46667e+00 1.00000e+00 0.00000e+00
9.50855e+00 1.00000e+00 0.00000e+00
9.55044e+00 1.00000e+00 0.00000e+00
9.59233e+00 1.00000e+00 0.00000e+00
9.63422e+00 1.00000e+00 0.00000e+00
9.67611e+00 1.00000e+00 0.00000e+00
9.71799e+00 1.00000e+00 0.00000e+00
9.75988e+00 1.00000e+00 0.00000e+00
9.80177e+00 1.00000e+00 0.00000e+00
9.84366e+00 1.00000e+00 0.00000e+00
9.88554e+00 1.00000e+00 0.00000e+00
9.92743e+00 1.00000e+00 0.00000e+00
9.96932e+00 1.00000e+00 0.00000e+00
1.00112e+01 1.00000e+00 0.00000e+00
1.00531e+01 1.00000e+00 0.00000e+00
1.00950e+01 1.00000e+00 0.00000e+00
1.01369e+01 1.00000e+00 0.00000e+00
1.01788e+01 1.00000e+00 0.00000e+00
1.02206e+01 1.00000e+00 0.00000e+00
1.02625e+01 1.00000e+00 0.00000e+00
1.03044e+01 1.00000e+00 0.00000e+00
1.03463e+01 1.00000e+00 0.00000e+00
1.03882e+01 1.00000e+00 0.00000e+00
1.04301e+01 1.00000e+00 0.00000e+00
1.04720e+01 1.00000e+00 0.00000e+00
1.05139e+01 1.00000e+00 0.00000e+00
1.05558e+01 1.00000e+00 0.00000e+00
1.05976e+01 1.00000e+00 0.00000e+00
1.06395e+01 1.00000e+00 0.00000e+00
1.06814e+01 1.00000e+00 0.00000e+00
1.07233e+01 1.00000e+00 0.00000e+00
1.07652e+01 1.00000e+00 0.00000e+00
1.08071e+01 1.00000e+00 0.00000e+00
1.08490e+01 1.00000e+00 0.00000e+00
1.08909e+01 1.00000e+00 0.00000e+00
1.09327e+01 1.00000e+00 0.00000e+00
1.09746e+01 1.00000e+00 0.00000e+00
1.10165e+01 1.00000e+00 0.00000e+00
1.10584e+01 1.00000e+00 0.00000e+00
1.11003e+01 1.00000e+00 0.00000e+00
1.11422e+01 1.00000e+00 0.00000e+00
1.11841e+01 1.00000e+00 0.00000e+00
1.12260e+01 1.00000e+00 0.00000e+00
1.12678e+01 1.00000e+00 0.00000e+00
1.13097e+01 1.00000e+00 0.00000e+00
1.13516e+01 1.00000e+00 0.00000e+00
1.13935e+01 1.00000e+00 0.00000e+00
1.14354e+01 1.00000e+00 0.00000e+00
1.14773e+01 1.00000e+00 0.00000e+00
1.15192e+01 1.00000e+00 0.00000e+00
1.15611e+01 1.00000e+00 0.00000e+00
1.16029e+01 1.00000e+00 0.00000e+00
1.16448e+01 1.00000e+00 0.00000e+00
1.16867e+01 1.00000e+00 0.00000e+00
1.17286e+01 1.00000e+00 0.00000e+00
1.17705e+01 1.00000e+00 0.00000e+00
1.18124e+01 1.00000e+00 0.00000e+00
1.18543e+01 1.00000e+00 0.00000e+00
1.18962e+01 1.00000e+00 0.00000e+00
1.19381e+01 1.00000e+00 0.00000e+00
1.19799e+01 1.00000e+00 0.00000e+00
1.20218e+01 1.00000e+00 0.00000e+00
1.20637e+01 1.00000e+00 0.00000e+00
1.21056e+01 1.00000e+00 0.00000e+00
1.21475e+01 1.00000e+00 0.00000e+00
1.21894e+01 1.00000e+00 0.00000e+00
1.22313e+01 1.00000e+00 0.00000e+00
1.22732e+01 1.00000e+00 0.00000e+00
1.23150e+01 1.00000e+00 0.00000e+00
1.23569e+01 1.00000e+00 0.00000e+00
1.23988e+01 1.00000e+00 0.00000e+00
1.24407e+01 1.00000e+00 0.00000e+00
1.24826e+01 1.00000e+00 0.00000e+00
1.25245e+01 1.00000e+00 0.00000e+00
1.25664e+01 1.00000e+00 0.00000e+00


4.18879e-02 9.79066e-01 -4.99562e-01
8.37758e-02 9.58165e-01 -4.98247e-01
1.25664e-01 9.37337e-01 -4.96058e-01
1.67552e-01 9.16619e-01 -4.92999e-01
2.09440e-01 8.96048e-01 -4.89075e-01
2.51327e-01 8.75658e-01 -4.84292e-01
2.93215e-01 8.55487e-01 -4.78661e-01
3.35103e-01 8.35570e-01 -4.72189e-01
3.76991e-01 8.15941e-01 -4.64890e-01
4.18879e-01 7.96635e-01 -4.56774e-01
4.60767e-01 7.77686e-01 -4.47857e-01
5.02655e-01 7.59126e-01 -4.38155e-01
5.44543e-01 7.40989e-01 -4.27684e-01
5.86431e-01 7.23307e-01 -4.16463e-01
6.28319e-01 7.06110e-01 -4.04511e-01
6.70206e-01 6.89429e-01 -3.91849e-01
7.12094e-01 6.73292e-01 -3.78500e-01
7.53982e-01 6.57729e-01 -3.64487e-01
7.95870e-01 6.42766e-01 -3.49834e-01
8.37758e-01 6.28430e-01 -3.34568e-01
8.79646e-01 6.14746e-01 -3.18715e-01
9.21534e-01 6.01737e-01 -3.02302e-01
9.63422e-01 5.89427e-01 -2.85360e-01
1.00531e+00 5.77838e-01 -2.67916e-01
1.04720e+00 5.66989e-01 -2.50003e-01
1.08909e+00 5.56900e-01 -2.31651e-01
1.13097e+00 5.47588e-01 -2.12893e-01
1.17286e+00 5.39070e-01 -1.93761e-01
1.21475e+00 5.31360e-01 -1.74289e-01
1.25664e+00 5.24473e-01 -1.54512e-01
1.29852e+00 5.18420e-01 -1.34463e-01
1.34041e+00 5.13211e-01 -1.14179e-01
1.38230e+00 5.08857e-01 -9.36941e-02
1.42419e+00 5.05364e-01 -7.30450e-02
1.46608e+00 5.02739e-01 -5.22677e-02
1.50796e+00 5.00987e-01 -3.13987e-02
1.54985e+00 5.00110e-01 -1.04747e-02
1.59174e+00 5.00110e-01 1.04677e-02
1.63363e+00 5.00986e-01 3.13918e-02
1.67552e+00 5.02739e-01 5.22608e-02
1.71740e+00 5.05363e-01 7.30381e-02
1.75929e+00 5.08856e-01 9.36872e-02
1.80118e+00 5.13210e-01 1.14172e-01
1.84307e+00 5.18418e-01 1.34457e-01
1.88496e+00 5.24471e-01 1.54505e-01
1.92684e+00 5.31358e-01 1.74283e-01
1.96873e+00 5.39067e-01 1.93755e-01
2.01062e+00 5.47585e-01 2.12886e-01
2.05251e+00 5.56897e-01 2.31645e-01
2.09440e+00 5.66986e-01 2.49997e-01
2.13628e+00 5.77834e-01 2.67910e-01
2.17817e+00 5.89423e-01 2.85354e-01
2.22006e+00 6.01733e-01 3.02297e-01
2.26195e+00 6.14741e-01 3.18709e-01
2.30383e+00 6.28425e-01 3.34563e-01
2.34572e+00 6.42761e-01 3.49829e-01
2.38761e+00 6.57724e-01 3.64482e-01
2.42950e+00 6.73287e-01 3.78495e-01
2.47139e+00 6.89423e-01 3.91845e-01
2.51327e+00 7.06105e-01 4.04506e-01
2.55516e+00 7.23301e-01 4.16459e-01
2.59705e+00 7.40984e-01 4.27680e-01
2.63894e+00 7.59120e-01 4.38152e-01
2.68083e+00 7.77679e-01 4.47854e-01
2.72271e+00 7.96628e-01 4.56771e-01
2.76460e+00 8.15934e-01 4.64887e-01
2.80649e+00 8.35563e-01 4.72187e-01
2.84838e+00 8.55481e-01 4.78659e-01
2.89027e+00 8.75652e-01 4.84291e-01
2.93215e+00 8.96041e-01 4.89073e-01
2.97404e+00 9.16612e-01 4.92997e-01
3.01593e+00 9.37330e-01 4.96057e-01
3.05782e+00 9.58158e-01 4.98246e-01
3.09970e+00 9.79059e-01 4.99561e-01
3.14159e+00 9.99997e-01 5.00000e-01
3.18348e+00 1.02093e+00 4.99562e-01
3.22537e+00 1.04184e+00 4.98247e-01
3.26726e+00 1.06266e+00 4.96058e-01
3.30914e+00 1.08338e+00 4.92999e-01
3.35103e+00 1.10395e+00 4.89075e-01
3.39292e+00 1.12434e+00 4.84292e-01
3.43481e+00 1.14451e+00 4.78661e-01
3.47670e+00 1.16443e+00 4.72189e-01
3.51858e+00 1.18406e+00 4.64890e-01
3.56047e+00 1.20337e+00 4.56774e-01
3.60236e+00 1.22231e+00 4.47857e-01
3.64425e+00 1.24087e+00 4.38155e-01
3.68614e+00 1.25901e+00 4.27684e-01
3.72802e+00 1.27669e+00 4.16463e-01
3.76991e+00 1.29389e+00 4.04511e-01
3.81180e+00 1.31057e+00 3.91849e-01
3.85369e+00 1.32671e+00 3.78500e-01
3.89557e+00 1.34227e+00 3.64487e-01
3.93746e+00 1.35723e+00 3.49834e-01
3.97935e+00 1.37157e+00 3.34568e-01
4.02124e+00 1.38525e+00 3.18715e-01
4.06313e+00 1.39826e+00 3.02302e-01
4.10501e+00 1.41057e+00 2.85360e-01
4.14690e+00 1.42216e+00 2.67916e-01
4.18879e+00 1.43301e+00 2.50003e-01
4.23068e+00 1.44310e+00 2.31651e-01
4.27257e+00 1.45241e+00 2.12893e-01
4.31445e+00 1.46093e+00 1.93761e-01
4.35634e+00 1.46864e+00 1.74289e-01
4.39823e+00 1.47553e+00 1.54512e-01
4.44012e+00 1.48158e+00 1.34463e-01
4.48201e+00 1.48679e+00 1.14179e-01
4.52389e+00 1.49114e+00 9.36941e-02
4.56578e+00 1.49464e+00 7.30450e-02
4.60767e+00 1.49726e+00 5.22677e-02
4.64956e+00 1.49901e+00 3.13987e-02
4.69145e+00 1.49989e+00 1.04747e-02
4.73333e+00 1.49989e+00 -1.04677e-02
4.77522e+00 1.49901e+00 -3.13918e-02
4.81711e+00 1.49726e+00 -5.22608e-02
4.85900e+00 1.49464e+00 -7.30381e-02
4.90088e+00 1.49114e+00 -9.36872e-02
4.94277e+00 1.48679e+00 -1.14172e-01
4.98466e+00 1.48158e+00 -1.34457e-01
5.02655e+00 1.47553e+00 -1.54505e-01
5.06844e+00 1.46864e+00 -1.74283e-01
5.11032e+00 1.46093e+00 -1.93755e-01
5.15221e+00 1.45242e+00 -2.12886e-01
5.19410e+00 1.44310e+00 -2.31645e-01
5.23599e+00 1.43301e+00 -2.49997e-01
5.27788e+00 1.42217e+00 -2.67910e-01
5.31976e+00 1.41058e+00 -2.85354e-01
5.36165e+00 1.39827e+00 -3.02297e-01
5.40354e+00 1.38526e+00 -3.18709e-01
5.44543e+00 1.37157e+00 -3.34563e-01
5.48732e+00 1.35724e+00 -3.49829e-01
5.52920e+00 1.34228e+00 -3.64482e-01
5.57109e+00 1.32671e+00 -3.78495e-01
5.61298e+00 1.31058e+00 -3.91845e-01
5.65487e+00 1.29390e+00 -4.04506e-01
5.69675e+00 1.27670e+00 -4.16459e-01
5.73864e+00 1.25902e+00 -4.27680e-01
5.78053e+00 1.24088e+00 -4.38152e-01
5.82242e+00 1.22232e+00 -4.47854e-01
5.86431e+00 1.20337e+00 -4.56771e-01
5.90619e+00 1.18407e+00 -4.64887e-01
5.94808e+00 1.16444e+00 -4.72187e-01
5.98997e+00 1.14452e+00 -4.78659e-01
6.03186e+00 1.12435e+00 -4.84291e-01
6.07375e+00 1.10396e+00 -4.89073e-01
6.11563e+00 1.08339e+00 -4.92997e-01
6.15752e+00 1.06267e+00 -4.96057e-01
6.19941e+00 1.04184e+00 -4.98246e-01
6.24130e+00 1.02094e+00 -4.99561e-01
6.28319e+00 1.00000e+00 -5.00000e-01
6.32507e+00 9.79066e-01 -4.99562e-01
6.36696e+00 9.58165e-01 -4.98247e-01
6.40885e+00 9.37337e-01 -4.96058e-01
6.45074e+00 9.16619e-01 -4.92999e-01
6.49262e+00 8.96048e-01 -4.89075e-01
6.53451e+00 8.75658e-01 -4.84292e-01
6.57640e+00 8.55487e-01 -4.78661e-01
6.61829e+00 8.35570e-01 -4.72189e-01
6.66018e+00 8.15941e-01 -4.64890e-01
6.70206e+00 7.96635e-01 -4.56774e-01
6.74395e+00 7.77686e-01 -4.47857e-01
6.78584e+00 7.59126e-01 -4.38155e-01
6.82773e+00 7.40989e-01 -4.27684e-01
6.86962e+00 7.23307e-01 -4.16463e-01
6.91150e+00 7.06110e-01 -4.04511e-01
6.95339e+00 6.89429e-01 -3.91849e-01
6.99528e+00 6.73292e-01 -3.78500e-01
7.03717e+00 6.57729e-01 -3.64487e-01
7.07906e+00 6.42766e-01 -3.49834e-01
7.12094e+00 6.28430e-01 -3.34568e-01
7.16283e+00 6.14746e-01 -3.18715e-01
7.20472e+00 6.01737e-01 -3.02302e-01
7.24661e+00 5.89427e-01 -2.85360e-01
7.28849e+00 5.77838e-01 -2.67916e-01
7.33038e+00 5.66989e-01 -2.50003e-01
7.37227e+00 5.56900e-01 -2.31651e-01
7.41416e+00 5.47588e-01 -2.12893e-01
7.45605e+00 5.39070e-01 -1.93761e-01
7.49793e+00 5.31360e-01 -1.74289e-01
7.53982e+00 5.24473e-01 -1.54512e-01
7.58171e+00 5.18420e-01 -1.34463e-01
7.62360e+00 5.13211e-01 -1.14179e-01
7.66549e+00 5.08857e-01 -9.36941e-02
7.70737e+00 5.05364e-01 -7.30450e-02
7.74926e+00 5.02739e-01 -5.22677e-02
7.79115e+00 5.00987e-01 -3.13987e-02
7.83304e+00 5.00110e-01 -1.04747e-02
7.87493e+00 5.00110e-01 1.04677e-02
7.91681e+00 5.00986e-01 3.13918e-02
7.95870e+00 5.02739e-01 5.22608e-02
8.00059e+00 5.05363e-01 7.30381e-02
8.04248e+00 5.08856e-01 9.36872e-02
8.08437e+00 5.13210e-01 1.14172e-01
8.12625e+00 5.18418e-01 1.34457e-01
8.16814e+00 5.24471e-01 1.54505e-01
8.21003e+00 5.31358e-01 1.74283e-01
8.25192e+00 5.39067e-01 1.93755e-01
8.29380e+00 5.47585e-01 2.12886e-01
8.33569e+00 5.56897e-01 2.31645e-01
8.37758e+00 5.66986e-01 2.49997e-01
8.41947e+00 5.77834e-01 2.67910e-01
8.46136e+00 5.89423e-01 2.85354e-01
8.50324e+00 6.01733e-01 3.02297e-01
8.54513e+00 6.14741e-01 3.18709e-01
8.58702e+00 6.28425e-01 3.34563e-01
8.62891e+00 6.42761e-01 3.49829e-01
8.67080e+00 6.57724e-01 3.64482e-01
8.71268e+00 6.73287e-01 3.78495e-01
8.75457e+00 6.89423e-01 3.91845e-01
8.79646e+00 7.06105e-01 4.04506e-01
8.83835e+00 7.23301e-01 4.16459e-01
8.88024e+00 7.40984e-01 4.27680e-01
8.92212e+00 7.59120e-01 4.38152e-01
8.96401e+00 7.77679e-01 4.47854e-01
9.00590e+00 7.96628e-01 4.56771e-01
9.04779e+00 8.15934e-01 4.64887e-01
9.08967e+00 8.35563e-01 4.72187e-01
9.13156e+00 8.55481e-01 4.78659e-01
9.17345e+00 8.75652e-01 4.84291e-01
9.21534e+00 8.96041e-01 4.89073e-01
9.25723e+00 9.16612e-01 4.92997e-01
9.29911e+00 9.37330e-01 4.96057e-01
9.34100e+00 9.58158e-01 4.98246e-01
9.38289e+00 9.79059e-01 4.99561e-01
9.42478e+00 9.99997e-01 5.00000e-01
9.46667e+00 1.02093e+00 4.99562e-01
9.50855e+00 1.04184e+00 4.98247e-01
9.55044e+00 1.06266e+00 4.96058e-01
9.59233e+00 1.08338e+00 4.92999e-01
9.63422e+00 1.10395e+00 4.89075e-01
9.67611e+00 1.12434e+00 4.84292e-01
9.71799e+00 1.14451e+00 4.78661e-01
9.75988e+00 1.16443e+00 4.72189e-01
9.80177e+00 1.18406e+00 4.64890e-01
9.84366e+00 1.20337e+00 4.56774e-01
9.88554e+00 1.22231e+00 4.47857e-01
9.92743e+00 1.24087e+00 4.38155e-01
9.96932e+00 1.25901e+00 4.27684e-01
1.00112e+01 1.27669e+00 4.16463e-01
1.00531e+01 1.29389e+00 4.04511e-01
1.00950e+01 1.31057e+00 3.91849e-01
1.01369e+01 1.32671e+00 3.78500e-01
1.01788e+01 1.34227e+00 3.64487e-01
1.02206e+01 1.35723e+00 3.49834e-01
1.02625e+01 1.37157e+00 3.34568e-01
1.03044e+01 1.38525e+00 3.18715e-01
1.03463e+01 1.39826e+00 3.02302e-01
1.03882e+01 1.41057e+00 2.85360e-01
1.04301e+01 1.42216e+00 2.67916e-01
1.04720e+01 1.43301e+00 2.50003e-01
1.05139e+01 1.44310e+00 2.31651e-01
1.05558e+01 1.45241e+00 2.12893e-01
1.05976e+01 1.46093e+00 1.93761e-01
1.06395e+01 1.46864e+00 1.74289e-01
1.06814e+01 1.47553e+00 1.54512e-01
1.07233e+01 1.48158e+00 1.34463e-01
1.07652e+01 1.48679e+00 1.14179e-01
1.08071e+01 1.49114e+00 9.36941e-02
1.08490e+01 1.49464e+00 7.30450e-02
1.08909e+01 1.49726e+00 5.22677e-02
1.09327e+01 1.49901e+00 3.13987e-02
1.09746e+01 1.49989e+00 1.04747e-02
1.10165e+01 1.49989e+00 -1.04677e-02
1.10584e+01 1.49901e+00 -3.13918e-02
1.11003e+01 1.49726e+00 -5.22608e-02
1.11422e+01 1.49464e+00 -7.30381e-02
1.11841e+01 1.49114e+00 -9.36872e-02
1.12260e+01 1.48679e+00 -1.14172e-01
1.12678e+01 1.48158e+00 -1.34457e-01
1.13097e+01 1.47553e+00 -1.54505e-01
1.13516e+01 1.46864e+00 -1.74283e-01
1.13935e+01 1.46093e+00 -1.93755e-01
1.14354e+01 1.45242e+00 -2.12886e-01
1.14773e+01 1.44310e+00 -2.31645e-01
1.15192e+01 1.43301e+00 -2.49997e-01
1.15611e+01 1.42217e+00 -2.67910e-01
1.16029e+01 1.41058e+00 -2.85354e-01
1.16448e+01 1.39827e+00 -3.02297e-01
1.16867e+01 1.38526e+00 -3.18709e-01
1.17286e+01 1.37157e+00 -3.34563e-01
1.17705e+01 1.35724e+00 -3.49829e-01
1.18124e+01 1.34228e+00 -3.64482e-01
1.18543e+01 1.32671e+00 -3.78495e-01
1.18962e+01 1.31058e+00 -3.91845e-01
1.19381e+01 1.29390e+00 -4.04506e-01
1.19799e+01 1.27670e+00 -4.16459e-01
1.20218e+01 1.25902e+00 -4.27680e-01
1.20637e+01 1.24088e+00 -4.38152e-01
1.21056e+01 1.22232e+00 -4.47854e-01
1.21475e+01 1.20337e+00 -4.56771e-01
1.21894e+01 1.18407e+00 -4.64887e-01
1.22313e+01 1.16444e+00 -4.72187e-01
1.22732e+01 1.14452e+00 -4.78659e-01
1.23150e+01 1.12435e+00 -4.84291e-01
1.23569e+01 1.10396e+00 -4.89073e-01
1.23988e+01 1.08339e+00 -4.92997e-01
1.24407e+01 1.06267e+00 -4.96057e-01
1.24826e+01 1.04184e+00 -4.98246e-01
1.25245e+01 1.02094e+00 -4.99561e-01
1.25664e+01 1.00000e+00 -5.00000e-01


4.18879e-02 9.79071e-01 -4.99155e-01
8.37758e-02 9.58195e-01 -4.97448e-01
1.25664e-01 9.37409e-01 -4.94884e-01
1.67552e-01 9.16747e-01 -4.91469e-01
2.09440e-01 8.96247e-01 -4.87208e-01
2.51327e-01 8.75943e-01 -4.82107e-01
2.93215e-01 8.55870e-01 -4.76175e-01
3.35103e-01 8.36062e-01 -4.69422e-01
3.76991e-01 8.16555e-01 -4.61860e-01
4.18879e-01 7.97381e-01 -4.53500e-01
4.60767e-01 7.78574e-01 -4.44357e-01
5.02655e-01 7.60165e-01 -4.34447e-01
5.44543e-01 7.42188e-01 -4.23787e-01
5.86431e-01 7.24672e-01 -4.12394e-01
6.28319e-01 7.07649e-01 -4.00288e-01
6.70206e-01 6.91148e-01 -3.87489e-01
7.12094e-01 6.75196e-01 -3.74021e-01
7.53982e-01 6.59823e-01 -3.59905e-01
7.95870e-01 6.45054e-01 -3.45166e-01
8.37758e-01 6.30915e-01 -3.29829e-01
8.79646e-01 6.17430e-01 -3.13921e-01
9.21534e-01 6.04623e-01 -2.97469e-01
9.63422e-01 5.92517e-01 -2.80501e-01
1.00531e+00 5.81131e-01 -2.63047e-01
1.04720e+00 5.70486e-01 -2.45137e-01
1.08909e+00 5.60600e-01 -2.26802e-01
1.13097e+00 5.51491e-01 -2.08073e-01
1.17286e+00 5.43174e-01 -1.88984e-01
1.21475e+00 5.35663e-01 -1.69566e-01
1.25664e+00 5.28972e-01 -1.49855e-01
1.29852e+00 5.23113e-01 -1.29883e-01
1.34041e+00 5.18094e-01 -1.09685e-01
1.38230e+00 5.13926e-01 -8.92976e-02
1.42419e+00 5.10616e-01 -6.87548e-02
1.46608e+00 5.08168e-01 -4.80925e-02
1.50796e+00 5.06588e-01 -2.73468e-02
1.54985e+00 5.05878e-01 -6.55356e-03
1.59174e+00 5.06039e-01 1.42511e-02
1.63363e+00 5.07071e-01 3.50309e-02
1.67552e+00 5.08973e-01 5.57500e-02
1.71740e+00 5.11740e-01 7.63722e-02
1.75929e+00 5.15369e-01 9.68618e-02
1.80118e+00 5.19853e-01 1.17183e-01
1.84307e+00 5.25183e-01 1.37301e-01
1.88496e+00 5.31352e-01 1.57181e-01
1.92684e+00 5.38347e-01 1.76788e-01
1.96873e+00 5.46158e-01 1.96088e-01
2.01062e+00 5.54770e-01 2.15048e-01
2.05251e+00 5.64169e-01 2.33634e-01
2.09440e+00 5.74337e-01 2.51816e-01
2.13628e+00 5.85259e-01 2.69560e-01
2.17817e+00 5.96914e-01 2.86838e-01
2.22006e+00 6.09282e-01 3.03618e-01
2.26195e+00 6.22342e-01 3.19872e-01
2.30383e+00 6.36072e-01 3.35572e-01
2.34572e+00 6.50447e-01 3.50691e-01
2.38761e+00 6.65442e-01 3.65202e-01
2.42950e+00 6.81033e-01 3.79081e-01
2.47139e+00 6.97191e-01 3.92305e-01
2.51327e+00 7.13889e-01 4.04849e-01
2.55516e+00 7.31098e-01 4.16694e-01
2.59705e+00 7.48788e-01 4.27818e-01
2.63894e+00 7.66928e-01 4.38203e-01
2.68083e+00 7.85488e-01 4.47831e-01
2.72271e+00 8.04435e-01 4.56685e-01
2.76460e+00 8.23736e-01 4.64752e-01
2.80649e+00 8.43359e-01 4.72016e-01
2.84838e+00 8.63268e-01 4.78466e-01
2.89027e+00 8.83431e-01 4.84092e-01
2.93215e+00 9.03812e-01 4.88883e-01
2.97404e+00 9.24376e-01 4.92832e-01
3.01593e+00 9.45088e-01 4.95932e-01
3.05782e+00 9.65911e-01 4.98179e-01
3.09970e+00 9.86811e-01 4.99569e-01
3.14159e+00 1.00775e+00 5.00100e-01
3.18348e+00 1.02870e+00 4.99771e-01
3.22537e+00 1.04961e+00 4.98583e-01
3.26726e+00 1.07045e+00 4.96539e-01
3.30914e+00 1.09119e+00 4.93642e-01
3.35103e+00 1.11180e+00 4.89898e-01
3.39292e+00 1.13222e+00 4.85314e-01
3.43481e+00 1.15244e+00 4.79898e-01
3.47670e+00 1.17242e+00 4.73659e-01
3.51858e+00 1.19211e+00 4.66609e-01
3.56047e+00 1.21150e+00 4.58760e-01
3.60236e+00 1.23053e+00 4.50125e-01
3.64425e+00 1.24919e+00 4.40721e-01
3.68614e+00 1.26744e+00 4.30562e-01
3.72802e+00 1.28525e+00 4.19667e-01
3.76991e+00 1.30259e+00 4.08055e-01
3.81180e+00 1.31943e+00 3.95746e-01
3.85369e+00 1.33574e+00 3.82760e-01
3.89557e+00 1.35149e+00 3.69121e-01
3.93746e+00 1.36665e+00 3.54852e-01
3.97935e+00 1.38121e+00 3.39978e-01
4.02124e+00 1.39513e+00 3.24523e-01
4.06313e+00 1.40839e+00 3.08515e-01
4.10501e+00 1.42096e+00 2.91981e-01
4.14690e+00 1.43284e+00 2.74950e-01
4.18879e+00 1.44399e+00 2.57450e-01
4.23068e+00 1.45440e+00 2.39511e-01
4.27257e+00 1.46405e+00 2.21164e-01
4.31445e+00 1.47292e+00 2.02441e-01
4.35634e+00 1.48101e+00 1.83373e-01
4.39823e+00 1.48828e+00 1.63993e-01
4.44012e+00 1.49474e+00 1.44333e-01
4.48201e+00 1.50037e+00 1.24428e-01
4.52389e+00 1.50516e+00 1.04312e-01
4.56578e+00 1.50911e+00 8.40174e-02
4.60767e+00 1.51220e+00 6.35802e-02
4.64956e+00 1.51443e+00 4.30349e-02
4.69145e+00 1.51580e+00 2.24163e-02
4.73333e+00 1.51631e+00 1.75961e-03
4.77522e+00 1.51595e+00 -1.89001e-02
4.81711e+00 1.51473e+00 -3.95276e-02
4.85900e+00 1.51264e+00 -6.00879e-02
4.90088e+00 1.50969e+00 -8.05459e-02
4.94277e+00 1.50589e+00 -1.00867e-01
4.98466e+00 1.50125e+00 -1.21016e-01
5.02655e+00 1.49576e+00 -1.40960e-01
5.06844e+00 1.48944e+00 -1.60663e-01
5.11032e+00 1.48230e+00 -1.80093e-01
5.15221e+00 1.47436e+00 -1.99217e-01
5.19410e+00 1.46562e+00 -2.18001e-01
5.23599e+00 1.45610e+00 -2.36414e-01
5.27788e+00 1.44582e+00 -2.54425e-01
5.31976e+00 1.43479e+00 -2.72002e-01
5.36165e+00 1.42304e+00 -2.89115e-01
5.40354e+00 1.41058e+00 -3.05736e-01
5.44543e+00 1.39743e+00 -3.21835e-01
5.48732e+00 1.38362e+00 -3.37386e-01
5.52920e+00 1.36917e+00 -3.52361e-01
5.57109e+00 1.35411e+00 -3.66735e-01
5.61298e+00 1.33846e+00 -3.80483e-01
5.65487e+00 1.32225e+00 -3.93581e-01
5.69675e+00 1.30550e+00 -4.06007e-01
5.73864e+00 1.28824e+00 -4.17740e-01
5.78053e+00 1.27051e+00 -4.28758e-01
5.82242e+00 1.25233e+00 -4.39043e-01
5.86431e+00 1.23374e+00 -4.48578e-01
5.90619e+00 1.21476e+00 -4.57345e-01
5.94808e+00 1.19544e+00 -4.65329e-01
5.98997e+00 1.17579e+00 -4.72516e-01
6.03186e+00 1.15586e+00 -4.78893e-01
6.07375e+00 1.13568e+00 -4.84450e-01
6.11563e+00 1.11529e+00 -4.89177e-01
6.15752e+00 1.09471e+00 -4.93064e-01
6.19941e+00 1.07399e+00 -4.96105e-01
6.24130e+00 1.05316e+00 -4.98295e-01
6.28319e+00 1.03226e+00 -4.99629e-01
6.32507e+00 1.01132e+00 -5.00104e-01
6.36696e+00 9.90375e-01 -4.99720e-01
6.40885e+00 9.69466e-01 -4.98477e-01
6.45074e+00 9.48627e-01 -4.96376e-01
6.49262e+00 9.27894e-01 -4.93420e-01
6.53451e+00 9.07302e-01 -4.89615e-01
6.57640e+00 8.86888e-01 -4.84967e-01
6.61829e+00 8.66685e-01 -4.79483e-01
6.66018e+00 8.46730e-01 -4.73173e-01
6.70206e+00 8.27056e-01 -4.66046e-01
6.74395e+00 8.07698e-01 -4.58115e-01
6.78584e+00 7.88688e-01 -4.49394e-01
6.82773e+00 7.70060e-01 -4.39896e-01
6.86962e+00 7.51846e-01 -4.29639e-01
6.91150e+00 7.34077e-01 -4.18640e-01
6.95339e+00 7.16785e-01 -4.06916e-01
6.99528e+00 6.99998e-01 -3.94489e-01
7.03717e+00 6.83745e-01 -3.81380e-01
7.07906e+00 6.68056e-01 -3.67611e-01
7.12094e+00 6.52957e-01 -3.53206e-01
7.16283e+00 6.38475e-01 -3.38189e-01
7.20472e+00 6.24634e-01 -3.22586e-01
7.24661e+00 6.11458e-01 -3.06424e-01
7.28849e+00 5.98970e-01 -2.89732e-01
7.33038e+00 5.87192e-01 -2.72537e-01
7.37227e+00 5.76145e-01 -2.54869e-01
7.41416e+00 5.65847e-01 -2.36760e-01
7.45605e+00 5.56316e-01 -2.18240e-01
7.49793e+00 5.47569e-01 -1.99342e-01
7.53982e+00 5.39620e-01 -1.80097e-01
7.58171e+00 5.32485e-01 -1.60540e-01
7.62360e+00 5.26175e-01 -1.40705e-01
7.66549e+00 5.20701e-01 -1.20625e-01
7.70737e+00 5.16072e-01 -1.00336e-01
7.74926e+00 5.12298e-01 -7.98720e-02
7.79115e+00 5.09383e-01 -5.92699e-02
7.83304e+00 5.07334e-01 -3.85648e-02
7.87493e+00 5.06153e-01 -1.77927e-02
7.91681e+00 5.05844e-01 3.01022e-03
7.95870e+00 5.06405e-01 2.38079e-02
8.00059e+00 5.07837e-01 4.45643e-02
8.04248e+00 5.10138e-01 6.52433e-02
8.08437e+00 5.13302e-01 8.58090e-02
8.12625e+00 5.17324e-01 1.06226e-01
8.16814e+00 5.22198e-01 1.26458e-01
8.21003e+00 5.27915e-01 1.46471e-01
8.25192e+00 5.34465e-01 1.66229e-01
8.29380e+00 5.41837e-01 1.85699e-01
8.33569e+00 5.50018e-01 2.04847e-01
8.37758e+00 5.58994e-01 2.23639e-01
8.41947e+00 5.68748e-01 2.42044e-01
8.46136e+00 5.79265e-01 2.60028e-01
8.50324e+00 5.90526e-01 2.77562e-01
8.54513e+00 6.02511e-01 2.94615e-01
8.58702e+00 6.15200e-01 3.11156e-01
8.62891e+00 6.28571e-01 3.27159e-01
8.67080e+00 6.42601e-01 3.42595e-01
8.71268e+00 6.57264e-01 3.57438e-01
8.75457e+00 6.72537e-01 3.71662e-01
8.79646e+00 6.88391e-01 3.85242e-01
8.83835e+00 7.04801e-01 3.98156e-01
8.88024e+00 7.21738e-01 4.10382e-01
8.92212e+00 7.39171e-01 4.21898e-01
8.96401e+00 7.57072e-01 4.32684e-01
9.00590e+00 7.75409e-01 4.42723e-01
9.04779e+00 7.94151e-01 4.51998e-01
9.08967e+00 8.13265e-01 4.60492e-01
9.13156e+00 8.32718e-01 4.68191e-01
9.17345e+00 8.52477e-01 4.75083e-01
9.21534e+00 8.72507e-01 4.81155e-01
9.25723e+00 8.92774e-01 4.86398e-01
9.29911e+00 9.13244e-01 4.90803e-01
9.34100e+00 9.33880e-01 4.94363e-01
9.38289e+00 9.54648e-01 4.97071e-01
9.42478e+00 9.75511e-01 4.98925e-01
9.46667e+00 9.96433e-01 4.99920e-01
9.50855e+00 1.01738e+00 5.00055e-01
9.55044e+00 1.03831e+00 4.99331e-01
9.59233e+00 1.05920e+00 4.97749e-01
9.63422e+00 1.08000e+00 4.95313e-01
9.67611e+00 1.10068e+00 4.92026e-01
9.71799e+00 1.12121e+00 4.87895e-01
9.75988e+00 1.14155e+00 4.82927e-01
9.80177e+00 1.16166e+00 4.77132e-01
9.84366e+00 1.18151e+00 4.70519e-01
9.88554e+00 1.20106e+00 4.63100e-01
9.92743e+00 1.22029e+00 4.54888e-01
9.96932e+00 1.23916e+00 4.45897e-01
1.00112e+01 1.25764e+00 4.36144e-01
1.00531e+01 1.27569e+00 4.25644e-01
1.00950e+01 1.29328e+00 4.14417e-01
1.01369e+01 1.31040e+00 4.02482e-01
1.01788e+01 1.32699e+00 3.89859e-01
1.02206e+01 1.34305e+00 3.76571e-01
1.02625e+01 1.35853e+00 3.62639e-01
1.03044e+01 1.37342e+00 3.48089e-01
1.03463e+01 1.38768e+00 3.32944e-01
1.03882e+01 1.40130e+00 3.17232e-01
1.04301e+01 1.41425e+00 3.00979e-01
1.04720e+01 1.42651e+00 2.84213e-01
1.05139e+01 1.43806e+00 2.66962e-01
1.05558e+01 1.44887e+00 2.49257e-01
1.05976e+01 1.45893e+00 2.31127e-01
1.06395e+01 1.46823e+00 2.12603e-01
1.06814e+01 1.47674e+00 1.93717e-01
1.07233e+01 1.48445e+00 1.74501e-01
1.07652e+01 1.49135e+00 1.54989e-01
1.08071e+01 1.49743e+00 1.35212e-01
1.08490e+01 1.50268e+00 1.15206e-01
1.08909e+01 1.50708e+00 9.50031e-02
1.09327e+01 1.51063e+00 7.46389e-02
1.09746e+01 1.51333e+00 5.41477e-02
1.10165e+01 1.51517e+00 3.35643e-02
1.10584e+01 1.51614e+00 1.29239e-02
1.11003e+01 1.51625e+00 -7.73853e-03
1.11422e+01 1.51550e+00 -2.83878e-02
1.11841e+01 1.51387e+00 -4.89888e-02
1.12260e+01 1.51139e+00 -6.95064e-02
1.12678e+01 1.50805e+00 -8.99058e-02
1.13097e+01 1.50386e+00 -1.10152e-01
1.13516e+01 1.49883e+00 -1.30211e-01
1.13935e+01 1.49296e+00 -1.50049e-01
1.14354e+01 1.48626e+00 -1.69631e-01
1.14773e+01 1.47875e+00 -1.88924e-01
1.15192e+01 1.47044e+00 -2.07895e-01
1.15611e+01 1.46134e+00 -2.26513e-01
1.16029e+01 1.45147e+00 -2.44745e-01
1.16448e+01 1.44084e+00 -2.62560e-01
1.16867e+01 1.42948e+00 -2.79927e-01
1.17286e+01 1.41740e+00 -2.96818e-01
1.17705e+01 1.40462e+00 -3.13203e-01
1.18124e+01 1.39116e+00 -3.29053e-01
1.18543e+01 1.37706e+00 -3.44343e-01
1.18962e+01 1.36233e+00 -3.59044e-01
1.19381e+01 1.34699e+00 -3.73134e-01
1.19799e+01 1.33107e+00 -3.86586e-01
1.20218e+01 1.31461e+00 -3.99378e-01
1.20637e+01 1.29763e+00 -4.11488e-01
1.21056e+01 1.28015e+00 -4.22894e-01
1.21475e+01 1.26221e+00 -4.33578e-01
1.21894e+01 1.24384e+00 -4.43520e-01
1.22313e+01 1.22506e+00 -4.52704e-01
1.22732e+01 1.20592e+00 -4.61113e-01
1.23150e+01 1.18644e+00 -4.68732e-01
1.23569e+01 1.16666e+00 -4.75549e-01
1.23988e+01 1.14662e+00 -4.81550e-01
1.24407e+01 1.12633e+00 -4.86727e-01
1.24826e+01 1.10585e+00 -4.91068e-01
1.25245e+01 1.08520e+00 -4.94567e-01
1.25664e+01 1.06443e+00 -4.97218e-01


