Task A.1:
 
Starting matrix
1.012	1.762	3.166	
2.424	0.077	2.374	
3.270	2.688	0.999	
2.887	2.537	2.159	

Is R upper triangular?
5.092	3.552	3.624	
0.000	2.039	0.515	
0.000	0.000	2.814	

Is QTQ=1?
1.000	-0.000	0.000	
-0.000	1.000	-0.000	
0.000	-0.000	1.000	

Is QR=A?
A=
1.012	1.762	3.166	
2.424	0.077	2.374	
3.270	2.688	0.999	
2.887	2.537	2.159	

QR=
1.012	1.762	3.166	
2.424	0.077	2.374	
3.270	2.688	0.999	
2.887	2.537	2.159	


Task A.2:

Starting matrix A:
1.006	2.581	3.171	
1.202	1.019	1.430	
3.299	3.229	3.953	

Vector b:
2.6475184993754413
0.3584550603449319
1.9503680664305705

Q=
0.275	0.957	0.092	
0.329	-0.184	0.926	
0.903	-0.225	-0.366	

R=
3.652	3.963	4.914	
0.000	1.557	1.883	
0.000	0.000	0.170	

x=
-0.6728400469214735
2.2816453040361306
-0.8089154407773678

Ax=
2.647518499375441
0.35845506034493746
1.9503680664305687
