1 4.98 5.015 39162
2 4.97 5.0375 38680.7
3 4.925 5.05875 36867.4
4 4.8825 5.11437 35075.5
5 4.77125 5.18469 30920.4
6 4.63062 5.33109 25971.5
7 4.33781 5.54492 17624.9
8 3.91016 5.94465 8740.76
9 3.1107 6.57217 968.127
10 2.68305 6.97189 7.97856
11 2.68305 6.97189 7.97856
12 2.68305 6.97189 7.97856
13 2.68305 6.97189 7.97856
14 2.68305 6.97189 7.97856
15 2.67648 6.96166 6.8873
16 2.62578 7.00449 3.848
17 2.62578 7.00449 3.848
18 2.64949 6.98052 2.8752
19 2.64949 6.98052 2.8752
20 2.63928 6.99506 2.77295
21 2.63855 6.98631 2.74421
22 2.6442 6.9856 2.70726
23 2.6442 6.9856 2.70726
24 2.64119 6.98377 2.6997
25 2.64119 6.98377 2.6997
26 2.64298 6.98589 2.69941
27 2.64164 6.97729 2.69507
28 2.64164 6.97729 2.69507
29 2.63913 6.96816 2.68774
30 2.63765 6.95281 2.68379
31 2.63188 6.92688 2.66305
32 2.63188 6.92688 2.66305
33 2.61814 6.852 2.61907
34 2.61814 6.852 2.61907
35 2.59287 6.72527 2.53776
36 2.57727 6.63121 2.50019
37 2.51894 6.33071 2.32777
38 2.51894 6.33071 2.32777
39 2.44501 5.93615 2.26377
40 2.43924 5.92699 2.12379
41 2.43924 5.92699 2.12379
42 2.3168 5.31684 1.99121
43 2.39073 5.71141 1.93589
44 2.26829 5.10126 1.8013
45 2.26829 5.10126 1.8013
46 2.21979 4.88567 1.66251
47 2.21979 4.88567 1.66251
48 2.23279 4.99295 1.52553
49 2.09261 4.32865 1.44727
50 2.04852 4.21107 1.12077
51 2.04852 4.21107 1.12077
52 2.04852 4.21107 1.12077
53 1.91396 3.61621 1.05647
54 1.86613 3.45233 0.840792
55 1.86613 3.45233 0.840792
56 1.86613 3.45233 0.840792
57 1.74281 2.99635 0.720044
58 1.74281 2.99635 0.720044
59 1.67639 2.78971 0.499868
60 1.67639 2.78971 0.499868
61 1.67639 2.78971 0.499868
62 1.52183 2.28471 0.370006
63 1.52183 2.28471 0.370006
64 1.41919 1.98042 0.289216
65 1.41919 1.98042 0.289216
66 1.43263 2.06702 0.208469
67 1.43263 2.06702 0.208469
68 1.43263 2.06702 0.208469
69 1.32046 1.73106 0.118453
70 1.2464 1.56629 0.0770592
71 1.2464 1.56629 0.0770592
72 1.2464 1.56629 0.0770592
73 1.13477 1.27474 0.0349531
74 1.13477 1.27474 0.0349531
75 1.13477 1.27474 0.0349531
76 1.11297 1.24109 0.0133356
77 1.11297 1.24109 0.0133356
78 1.11297 1.24109 0.0133356
79 1.08458 1.16976 0.0114586
80 1.0224 1.04168 0.00181801
81 1.0224 1.04168 0.00181801
82 1.02105 1.04533 0.00121762
83 1.02105 1.04533 0.00121762
84 1.02105 1.04533 0.00121762
85 0.989621 0.982197 0.000917959
86 0.998156 0.996158 5.87172e-06
87 0.998156 0.996158 5.87172e-06
88 0.998156 0.996158 5.87172e-06
89 0.998156 0.996158 5.87172e-06
90 0.998156 0.996158 5.87172e-06
91 0.998156 0.996158 5.87172e-06
92 0.998156 0.996158 5.87172e-06
93 0.998156 0.996158 5.87172e-06
94 0.998156 0.996158 5.87172e-06
95 1.00102 1.00193 2.18345e-06
96 1.00065 1.00132 4.74083e-07
97 1.00065 1.00132 4.74083e-07
98 1.00065 1.00132 4.74083e-07
99 0.999689 0.999344 2.15676e-07
100 0.999645 0.999304 1.45097e-07
101 1.00016 1.00032 2.93545e-08


Minimum found at f=2.93545e-08
