0.01 25.00250 0.00037
0.02 12.50500 0.01234
0.03 8.34083 0.00093
0.04 6.26000 0.00017
0.05 5.01250 0.00123
0.06 4.18167 0.00428
0.07 3.58893 0.00081
0.08 3.14500 0.00009
0.09 2.80028 0.00146
0.10 2.52500 0.00050
0.11 2.30023 0.00120
0.12 2.11333 0.00085
0.13 1.95558 0.00031
0.14 1.82071 0.00003
0.15 1.70417 0.00004
0.16 1.60250 0.00009
0.17 1.51309 0.00008
0.18 1.43389 0.00006
0.19 1.36329 0.00003
0.20 1.30000 0.00001
0.21 1.24298 0.00000
0.22 1.19136 0.00074
0.23 1.14446 0.00013
0.24 1.10167 0.00008
0.25 1.06250 0.00036
0.26 1.02654 0.00061
0.27 0.99343 0.00077
0.28 0.96286 0.00094
0.29 0.93457 0.00079
0.30 0.90833 0.00071
0.31 0.88395 0.00059
0.32 0.86125 0.00046
0.33 0.84008 0.00033
0.34 0.82029 0.00022
0.35 0.80179 0.00013
0.36 0.78444 0.00006
0.37 0.76818 0.00002
0.38 0.75289 0.00000
0.39 0.73853 0.00002
0.40 0.72500 0.00004
0.41 0.71226 0.00006
0.42 0.70024 0.00031
0.43 0.68890 0.00011
0.44 0.67818 0.00011
0.45 0.66806 0.00022
0.46 0.65847 0.00015
0.47 0.64941 0.00050
0.48 0.64083 0.00060
0.49 0.63270 0.00007
0.50 0.62500 0.00006
0.51 0.61770 0.00005
0.52 0.61077 0.00004
0.53 0.60420 0.00003
0.54 0.59796 0.00055
0.55 0.59205 0.00048
0.56 0.58643 0.00041
0.57 0.58110 0.00034
0.58 0.57603 0.00028
0.59 0.57123 0.00021
0.60 0.56667 0.00016
0.61 0.56234 0.00011
0.62 0.55823 0.00008
0.63 0.55433 0.00005
0.64 0.55063 0.00003
0.65 0.54712 0.00001
0.66 0.54379 0.00001
0.67 0.54063 0.00034
0.68 0.53765 0.00006
0.69 0.53482 0.00002
0.70 0.53214 0.00003
0.71 0.52961 0.00004
0.72 0.52722 0.00004
0.73 0.52497 0.00004
0.74 0.52284 0.00004
0.75 0.52083 0.00004
0.76 0.51895 0.00004
0.77 0.51718 0.00004
0.78 0.51551 0.00004
0.79 0.51396 0.00004
0.80 0.51250 0.00003
0.81 0.51114 0.00042
0.82 0.50988 0.00003
0.83 0.50870 0.00002
0.84 0.50762 0.00002
0.85 0.50662 0.00002
0.86 0.50570 0.00001
0.87 0.50486 0.00001
0.88 0.50409 0.00001
0.89 0.50340 0.00001
0.90 0.50278 0.00000
0.91 0.50223 0.00000
0.92 0.50174 0.00000
0.93 0.50132 0.00000
0.94 0.50096 0.00000
0.95 0.50066 0.00000
0.96 0.50042 0.00000
0.97 0.50023 0.00000
0.98 0.50010 0.00000
0.99 0.50003 0.00000
1.00 0.50000 0.00000
1.01 0.50002 0.00000
1.02 0.50010 0.00000
1.03 0.50022 0.00000
1.04 0.50038 0.00000
1.05 0.50060 0.00043
1.06 0.50085 0.00003
1.07 0.50114 0.00000
1.08 0.50148 0.00000
1.09 0.50186 0.00000
1.10 0.50227 0.00000
1.11 0.50273 0.00000
1.12 0.50321 0.00000
1.13 0.50374 0.00000
1.14 0.50430 0.00000
1.15 0.50489 0.00000
1.16 0.50552 0.00043
1.17 0.50618 0.00024
1.18 0.50686 0.00010
1.19 0.50758 0.00001
1.20 0.50833 0.00004
1.21 0.50911 0.00015
1.22 0.50992 0.00029
1.23 0.51075 0.00045
1.24 0.51161 0.00000
1.25 0.51250 0.00000
1.26 0.51341 0.00000
1.27 0.51435 0.00000
1.28 0.51531 0.00000
1.29 0.51630 0.00000
1.30 0.51731 0.00000
1.31 0.51834 0.00000
1.32 0.51939 0.00000
1.33 0.52047 0.00000
1.34 0.52157 0.00000
1.35 0.52269 0.00000
1.36 0.52382 0.00000
1.37 0.52498 0.00000
1.38 0.52616 0.00000
1.39 0.52736 0.00000
1.40 0.52857 0.00000
1.41 0.52980 0.00000
1.42 0.53106 0.00000
1.43 0.53233 0.00000
1.44 0.53361 0.00000
1.45 0.53491 0.00000
1.46 0.53623 0.00000
1.47 0.53757 0.00000
1.48 0.53892 0.00000
1.49 0.54029 0.00000
1.50 0.54167 0.00000
1.51 0.54306 0.00000
1.52 0.54447 0.00006
1.53 0.54590 0.00035
1.54 0.54734 0.00000
1.55 0.54879 0.00000
1.56 0.55026 0.00000
1.57 0.55174 0.00000
1.58 0.55323 0.00000
1.59 0.55473 0.00000
1.60 0.55625 0.00000
1.61 0.55778 0.00000
1.62 0.55932 0.00000
1.63 0.56087 0.00000
1.64 0.56244 0.00000
1.65 0.56402 0.00000
1.66 0.56560 0.00000
1.67 0.56720 0.00000
1.68 0.56881 0.00000
1.69 0.57043 0.00000
1.70 0.57206 0.00000
1.71 0.57370 0.00000
1.72 0.57535 0.00000
1.73 0.57701 0.00000
1.74 0.57868 0.00000
1.75 0.58036 0.00000
1.76 0.58205 0.00000
1.77 0.58374 0.00000
1.78 0.58545 0.00000
1.79 0.58716 0.00000
1.80 0.58889 0.00000
1.81 0.59062 0.00000
1.82 0.59236 0.00000
1.83 0.59411 0.00000
1.84 0.59587 0.00000
1.85 0.59764 0.00000
1.86 0.59941 0.00000
1.87 0.60119 0.00000
1.88 0.60298 0.00000
1.89 0.60478 0.00000
1.90 0.60658 0.00055
1.91 0.60839 0.00048
1.92 0.61021 0.00041
1.93 0.61203 0.00034
1.94 0.61387 0.00028
1.95 0.61571 0.00022
1.96 0.61755 0.00017
1.97 0.61940 0.00012
1.98 0.62126 0.00008
1.99 0.62313 0.00005
2.00 0.62500 0.00002
2.01 0.62688 0.00000
2.02 0.62876 0.00001
2.03 0.63065 0.00003
2.04 0.63255 0.00006
2.05 0.63445 0.00009
2.06 0.63636 0.00013
2.07 0.63827 0.00017
2.08 0.64019 0.00021
2.09 0.64212 0.00026
2.10 0.64405 0.00030
2.11 0.64598 0.00035
2.12 0.64792 0.00040
2.13 0.64987 0.00045
2.14 0.65182 0.00050
2.15 0.65378 0.00055
2.16 0.65574 0.00060
2.17 0.65772 0.00006
2.18 0.65968 0.00000
2.19 0.66166 0.00000
2.20 0.66364 0.00000
2.21 0.66562 0.00000
2.22 0.66761 0.00000
2.23 0.66961 0.00000
2.24 0.67161 0.00000
2.25 0.67361 0.00000
2.26 0.67562 0.00000
2.27 0.67763 0.00000
2.28 0.67965 0.00000
2.29 0.68167 0.00000
2.30 0.68370 0.00000
2.31 0.68573 0.00000
2.32 0.68776 0.00000
2.33 0.68980 0.00000
2.34 0.69184 0.00000
2.35 0.69388 0.00000
2.36 0.69593 0.00000
2.37 0.69799 0.00000
2.38 0.70004 0.00000
2.39 0.70210 0.00000
2.40 0.70417 0.00000
2.41 0.70623 0.00000
2.42 0.70831 0.00000
2.43 0.71038 0.00000
2.44 0.71246 0.00000
2.45 0.71454 0.00050
2.46 0.71663 0.00023
2.47 0.71871 0.00004
2.48 0.72081 0.00005
2.49 0.72290 0.00023
2.50 0.72500 0.00049
2.51 0.72710 0.00000
2.52 0.72921 0.00000
2.53 0.73131 0.00000
2.54 0.73343 0.00000
2.55 0.73554 0.00000
2.56 0.73766 0.00000
2.57 0.73978 0.00000
2.58 0.74190 0.00000
2.59 0.74403 0.00000
2.60 0.74615 0.00000
2.61 0.74829 0.00000
2.62 0.75042 0.00000
2.63 0.75256 0.00000
2.64 0.75470 0.00000
2.65 0.75684 0.00000
2.66 0.75898 0.00000
2.67 0.76113 0.00000
2.68 0.76328 0.00000
2.69 0.76544 0.00000
2.70 0.76759 0.00000
2.71 0.76975 0.00000
2.72 0.77191 0.00000
2.73 0.77408 0.00000
2.74 0.77624 0.00000
2.75 0.77841 0.00000
2.76 0.78058 0.00000
2.77 0.78275 0.00000
2.78 0.78493 0.00000
2.79 0.78711 0.00000
2.80 0.78929 0.00000
2.81 0.79147 0.00000
2.82 0.79365 0.00000
2.83 0.79584 0.00000
2.84 0.79803 0.00000
2.85 0.80022 0.00000
2.86 0.80241 0.00000
2.87 0.80461 0.00000
2.88 0.80681 0.00000
2.89 0.80901 0.00001
2.90 0.81121 0.00001
2.91 0.81341 0.00081
2.92 0.81562 0.00078
2.93 0.81782 0.00075
2.94 0.82003 0.00072
2.95 0.82225 0.00069
2.96 0.82446 0.00066
2.97 0.82668 0.00063
2.98 0.82889 0.00060
2.99 0.83111 0.00057
3.00 0.83333 0.00055
