8 -0.499975


0 0 0
0.125 0.110312 0.110312
0.25 0.1947 0.1947
0.375 0.257733 0.257733
0.5 0.303264 0.303265
0.625 0.334537 0.334538
0.75 0.354273 0.354275
0.875 0.364751 0.364754
1 0.367875 0.367879
1.125 0.365228 0.365234
1.25 0.358124 0.358131
1.375 0.347645 0.347654
1.5 0.334684 0.334695
1.625 0.319968 0.319981
1.75 0.304088 0.304104
1.875 0.287522 0.287541
2 0.270649 0.270671
2.125 0.253771 0.253795
2.25 0.23712 0.237148
2.375 0.220878 0.220909
2.5 0.205177 0.205212
2.625 0.190115 0.190154
2.75 0.175758 0.175802
2.875 0.162148 0.162196
3 0.149308 0.149361
3.125 0.137244 0.137303
3.25 0.125952 0.126016
3.375 0.115415 0.115486
3.5 0.105613 0.105691
3.625 0.0965175 0.096603
3.75 0.0880977 0.0881915
3.875 0.0803202 0.0804231
4 0.0731499 0.0732626
4.125 0.0665509 0.0666744
4.25 0.0604875 0.060623
4.375 0.0549246 0.0550731
4.5 0.0498277 0.0499905
4.625 0.0451634 0.0453419
4.75 0.0408996 0.0410956
4.875 0.0370059 0.0372211
5 0.0334534 0.0336897
5.125 0.0302146 0.0304744
5.25 0.0272638 0.0275495
5.375 0.0245767 0.0248912
5.5 0.022131 0.0224772
5.625 0.0199054 0.0202869
5.75 0.0178804 0.018301
5.875 0.0160375 0.0165017
6 0.0143602 0.0148725
6.125 0.0128325 0.0133984
6.25 0.01144 0.0120653
6.375 0.010169 0.0108606
6.5 0.00900713 0.00977235
6.625 0.00794282 0.00878992
6.75 0.0069652 0.00790344
6.875 0.0060642 0.00710392
7 0.00523037 0.00638317
7.125 0.00445505 0.00573372
7.25 0.00372982 0.00514876
7.375 0.00304683 0.00462211
7.5 0.00239853 0.00414813
7.625 0.0017777 0.00372173
7.75 0.00117744 0.00333825
7.875 0.000590839 0.00299352
8 1.11188e-05 0.0026837
